Date        Year    RSFSR           UkSSR       BSSR        ASSR        AzSSR       ESSR        GSSR        KaSSR       KiSSR       LaSSR       LiSSR       MSSR        TaSSR       TuSSR       UzSSR       KFSSR
14\08\1938  1938    21406731000     5977218000  1167210000  388427000   915723000   -           1068637000  1282602000  347577000   -           -           -           448928000   441284000   1314693000  -
29\05\1938  1939    23978144000     6542001000  1301464000  439670000   992957000   -           1147806000  1513770000  386251000   -           -           -           482680000   495583000   1441517000  -
03\04\1940  1940    25244171000     8096411000  2144597000  469664000   1040721000  -           1227451000  1660650000  435437000   -           -           -           527105000   526552000   1486969000  -
01\03\1941  1941    24959667000     8294539000  2134366000  520667000   1050135000  532270000   1233760000  1725332000  477325000   903365000   835958000   462017000   589535000   533098000   1612746000  495335000
01\02\1944  1944    24265623000     3640071000  429474000   536425000   1011986000  -           1174601000  1640327000  487627000   -           -           -           532110000   456267000   1877068000  123567000
27\04\1945  1945    28620353000     9153347000  2378375000  650555000   1184803000  698312000   1456242000  1885337000  562279000   792790000   728634000   543551000   652327000   516211000   2161918000  287783000
18\10\1946  1946    35994337000     11575505000 2650891000  856864000   1498947000  707643000   1708886000  2365960000  727021000   1012038000  900716000   713415000   822546000   645645000   2820874000  396322000
24\02\1947  1947    45852887000     14789033000 3392057000  1051609000  1761654000  849619000   2160095000  2868460000  845310000   1261588000  1065914000  949836000   956496000   813547000   3161137000  540317000
04\02\1948  1948    49316598000     15443354000 3642375000  1056367000  1872926000  922901000   2336582000  3163124000  930902000   1450847000  1199120000  1008579000  945400000   836760000   3296646000  649292000
14\03\1949  1949    51571426000     16502934000 3741096000  1102935000  1830081000  966880000   2500045000  3577601000  959621000   1447689000  1306798000  1055066000  899528000   1221633000  3190252000  549573000
17\06\1950  1950    53908998000     17194486000 3730472000  1115111000  1921196000  1019655000  2474359000  4021885000  1048120000  1426432000  1352912000  1064658000  1047602000  1084812000  3482450000  749863000
10\03\1951  1951    54136331000     17247520000 3687322000  1157747000  1908239000  1094524000  2579570000  4190494000  1076139000  1428117000  1530462000  1163471000  1022179000  988915000   3361899000  931204000
08\03\1952  1952    54716358000     17538195000 3718386000  1273433000  1983489000  1059280000  2747417000  4427499000  1066516000  1414976000  1471051000  1161958000  1012919000  983171000   3337449000  844850000
08\08\1953  1953    57552161000     17953118000 3929140000  1209054000  2004428000  1101250000  2692716000  4338543000  1126124000  1540756000  1510801000  1269180000  1102899000  1060199000  3363347000  891507000
26\04\1954  1954    66570093000     22988180000 4303682000  1225414000  2067449000  1179168000  2775186000  5325318000  1253498000  1653961000  1740762000  1415739000  1283528000  1074911000  3779210000  950297000
07\02\1955  1955    66577308000     26335882000 4135545000  1206364000  2334693000  1161446000  2636753000  10122947000 1207778000  1656421000  1644514000  1315328000  1282305000  1112909000  3751466000  853562000
28\12\1955  1956    74181215000     29345002000 4513886000  1335060000  2790650000  1280457000  2898894000  8766410000  1351119000  1881212000  1908122000  1414945000  1418205000  1269985000  4275905000  1009434000
09\02\1957  1957    104312566000    43799983000 7215121000  1642336000  3352481000  1683792000  3621197000  11512299000 1618271000  2616058000  2523204000  1703581000  1622055000  1471922000  5352819000  -
20\12\1957  1958    190285048000    58421285000 9650786000  2554064000  5062167000  2374354000  5339467000  19596761000 2747818000  3813062000  3838537000  2467058000  2384280000  2608844000  8589376000  -
23\12\1958  1959    205394508000    63129601000 9861142000  2822200000  5286850000  2612267000  5768340000  20893548000 2989243000  4086764000  4264758000  2538330000  2515114000  2713563000  8664998000  -
30\10\1959  1960    231853381000    69753194000 11054518000 3229163000  6051958000  2919712000  6428738000  25164171000 3351212000  4241938000  4603596000  2974009000  2916388000  3148315000  10196226000 -
22\12\1960  1961    25332253000     7482486000  1282814000  366959000   670197000   321066000   719622000   3095644000  395968000   476006000   545750000   328962000   331957000   362762000   1148895000  -
08\12\1961  1962    26412173000     7616053000  1345370000  398011000   706392000   340596000   749374000   3379371000  421560000   496735000   580431000   352359000   360455000   378921000   1240273000  -
12\12\1962  1963    27861824000     7886938000  1473906000  471404000   761358000   350860000   804197000   3566353000  453707000   525054000   629954000   392533000   389212000   415883000   1364230000  -
19\12\1963  1964    29163260000     8292073000  1531683000  533246000   819631000   373774000   837310000   3912663000  473857000   553329000   692986000   435275000   435097000   422200000   1598918000  -
11\12\1964  1965    31552385000     9282721000  1660532000  603618000   930849000   405295000   945028000   3981224000  530672000   562794000   765495000   512946000   491414000   461526000   1840797000  -
09\12\1965  1966    32985866000     9870955000  1842343000  638318000   994245000   430681000   993937000   3989837000  580991000   614332000   838650000   576290000   530704000   480670000   1950537000  -
19\12\1966  1967    27696221000     9899708000  2067201000  638825000   1007580000  455171000   979910000   3984110000  599851000   654589000   932252000   599940000   539402000   520153000   2224860000  -
12\10\1967  1968    28736592000     10295722000 2210791000  684320000   1104562000  474446000   1018349000  4239878000  641026000   690920000   1021768000  626136000   581357000   544758000   2344248000  -
13\12\1968  1969    32193433000     10446476000 2499616000  823691000   1227587000  531465000   1153625000  4561378000  709405000   770645000   1112380000  680623000   661203000   599931000   2616109000  -
18\12\1969  1970    34203720000     10958843000 2673427000  879359000   1302876000  547544000   1229452000  4682416000  741168000   822842000   1186233000  722658000   691538000   629686000   2736337000  -
10\12\1970  1971    39227641000     12309963000 3062895000  890039000   1326253000  639266000   1326409000  4914920000  858423000   960999000   1412105000  831973000   768703000   584062000   2929821000  -
26\11\1971  1972    42372882000     13162874000 3354096000  979598000   1389583000  655355000   1461057000  5410480000  909322000   1073284000  1608024000  913584000   825865000   658021000   3290760000  -
19\12\1972  1973    44381481000     13887602000 3612649000  1034147000  1451511000  695287000   1549305000  5539385000  975305000   1154767000  1706848000  969733000   879043000   677618000   3497940000  -
14\12\1973  1974    47864641000     15080502000 3863867000  1118616000  1507032000  756698000   1626345000  5970907000  1047108000  1198669000  1765248000  1087625000  913424000   703784000   3797530000  -
20\12\1974  1975    52119187000     16387479000 4180644000  1153472000  1570819000  831206000   1718216000  6515386000  1126944000  1314837000  1964494000  1173694000  987528000   773469000   4154487000  -
04\12\1975  1976    54299459000     16845033000 4351107000  1187416000  1653871000  854193000   1764907000  6721354000  1154745000  1353279000  2047738000  1263700000  1024048000  820999000   4298696000  -
29\10\1976  1977    57972123000     17963609000 4578000000  1199613000  1728505000  883961000   1830547000  7063242000  1202396000  1372807000  2072830000  1343683000  1078472000  846220000   4469795000  -
16\12\1977  1978    60497598000     18618175000 4730055000  1244255000  1781994000  930730000   1872613000  7234138000  1254277000  1395684000  2193905000  1442345000  1117281000  861374000   4636061000  -
30\11\1978  1979    64374892000     20043919000 5101968000  1281547000  1866899000  981725000   1945655000  7870299000  1367084000  1506710000  2275469000  1532511000  1191096000  930289000   4932603000  -
30\11\1979  1980    67205424000     20832353000 5227950000  1336733000  1953055000  1027751000  2033524000  8400143000  1439912000  1568273000  2329541000  1638968000  1255765000  981973000   5224904000  -
23\10\1980  1981    71072347000     23223179000 5612552000  1491671000  2129122000  1087226000  2231872000  8783855000  1478319000  1605865000  2443067000  1750148000  1228556000  1077571000  5659360000  -
19\11\1981  1982    72739987000     23928951000 5705841000  1595162000  2261825000  1174312000  2367356000  9232784000  1582640000  1723778000  2613758000  1789859000  1319076000  1152637000  6043780000  -
24\11\1982  1983    74318585000     24102313000 5736689000  1624872000  2428318000  1259462000  2387321000  9351120000  1647270000  1861584000  2703632000  1952473000  1369653000  1193437000  6551300000  -
29\12\1983  1984    88855074000     27786564000 6697359000  1773021000  2550829000  1447148000  2781072000  10486744000 1788937000  2154012000  3237079000  2264521000  1512275000  1346033000  7255894000  -
28\11\1984  1985    94493078000     29595785000 7168150000  1847588000  2703888000  1560474000  2899304000  10982108000 1944038000  2311983000  3494750000  2352715000  1625732000  1419841000  7779737000  -
27\11\1985  1986    100588916000    32225009000 7843060000  1950048000  2873352000  1623737000  3086134000  11316234000 2145569000  2527124000  3786072000  2478483000  1713761000  1510597000  8125124000  -
19\11\1986  1987    105352525000    34247440000 8217006000  2065132000  3099827000  1664954000  3154472000  12249991000 2265554000  2594936000  3784429000  2724262000  1977219000  1638748000  8901883000  -
20\10\1987  1988    110101916000    33163567000 8893389000  2243113000  3361046000  1797354000  3559874000  12696850000 2388081000  2732665000  3961586000  2999545000  2108751000  1683213000  9011754000  -
28\10\1988  1989    126471394000    36885007000 11021830000 2460199000  3807936000  2035287000  4067359000  14253529000 2691764000  3133405000  4581385000  3395802000  2374890000  1934322000  10029374000 -
#                   RSFSR           UkSSR       BSSR        ASSR        AzSSR       ESSR        GSSR        KaSSR       KiSSR       LaSSR       LiSSR       MSSR        TaSSR       TuSSR       UzSSR       KFSSR
